
Leduc-holdem

DQN: 1.18985,1.190835,1.1857,1.15875,1.19695
PDQN: 1.13335,1.12993,1.1378,1.13505,1.12838
NFSP: 0.8319,0.8306,0.8147,0.8049,0.81988

-------------------------------

Limit-holdem

DQN: 1.84425,1.81675,1.78615,1.78945,1.7876
PDQN: 1.89025,1.92585,1.8737,1.8948,1.88475
NFSP: 1.33565,1.3513,1.3787,1.2758,1.3211

-------------------------------


