
Leduc-holdem

DQN: 1.1924,1.1508,1.07665,1.1795,1.2656
PDQN: 1.03255,1.12055,0.91325,1.03605,,1.13415
NFSP: 0.6818,0.54585,0.74855,0.6318,0.6878

-------------------------------

Limit-holdem

DQN: 1.5571,1.50025,1.39285,1.75425,1.5616
PDQN: 1.59585,1.6047,1.7603,1.488,1.6517
NFSP: -0.05025,-0.0638,-0.04055,-0.04675,-0.0432

-------------------------------

