
Leduc-holdem

DQN: 0.2666	0.2662	0.2711	0.2665	0.266
PDQN: -0.369	-0.359	-0.37	-0.361	-0.368
NFSP: 0.2992	0.29085	0.2873	0.30815	0.29775

-------------------------------

Limit-holdem

DQN: 2.71738,2.6664,2.71677,2.70725,2.7172
PDQN: 2.395,2.3851,2.4117,2.3876,2.3933
NFSP: -1.36745,-1.33455,-1.41835,-1.35775,-1.33215

-------------------------------

